e1.a = 10, e1.b = 100
e2.x = 1.500000, e2.y = 2.500000, e2.z = 42
e3.x = 1.500000, e3.y = 3.000000, e3.z = 42
